 1.3409737E-01  9.2231088E+07
 1.4218082E-01  8.7664032E+07
 1.5026426E-01  8.0710832E+07
 1.5834770E-01  7.6604984E+07
 1.6643114E-01  7.2114744E+07
 1.7451459E-01  7.0076832E+07
 1.8259802E-01  7.0054696E+07
 1.9068147E-01  6.9128408E+07
 1.9876492E-01  6.9051816E+07
 2.0684835E-01  6.9191072E+07
 2.1493180E-01  7.1683560E+07
 2.2301525E-01  7.3436744E+07
 2.3109868E-01  7.5999552E+07
 2.3918214E-01  8.0047192E+07
 2.4726558E-01  8.4954832E+07
 2.5534904E-01  9.2075592E+07
 2.6343244E-01  9.9179392E+07
 2.7151591E-01  1.0681173E+08
 2.7959937E-01  1.1442045E+08
 2.8768277E-01  1.2393890E+08
 2.9576623E-01  1.3476330E+08
 3.0384970E-01  1.4543994E+08
 3.1193310E-01  1.5505110E+08
 3.2001656E-01  1.6554046E+08
 3.2810003E-01  1.7442291E+08
 3.3618346E-01  1.8012528E+08
 3.4426689E-01  1.8324726E+08
 3.5235035E-01  1.8261491E+08
 3.6043379E-01  1.7689557E+08
 3.6851722E-01  1.6885709E+08
 3.7660068E-01  1.5733042E+08
 3.8468409E-01  1.4067456E+08
 3.9276755E-01  1.2419263E+08
 4.0085101E-01  1.0663278E+08
 4.0893441E-01  8.9577528E+07
 4.1701788E-01  7.4870888E+07
 4.2510134E-01  6.0883540E+07
 4.3318474E-01  4.8897772E+07
 4.4126821E-01  3.9187268E+07
 4.4935167E-01  3.1522268E+07
 4.5743507E-01  2.5322078E+07
 4.6551853E-01  2.1110718E+07
 4.7360200E-01  1.8368974E+07
 4.8168540E-01  1.5818837E+07
 4.8976886E-01  1.3730162E+07
 4.9785233E-01  1.2728194E+07
 5.0593573E-01  1.1479041E+07
 5.1401919E-01  1.0669924E+07
 5.2210265E-01  1.0157775E+07
 5.3018612E-01  9.7983120E+06
 5.3826952E-01  9.6013810E+06
 5.4635298E-01  9.1480740E+06
 5.5443645E-01  9.0335510E+06
 5.6251985E-01  9.2803970E+06
 5.7060331E-01  9.3140110E+06
 5.7868677E-01  9.2703610E+06
 5.8677018E-01  9.1936050E+06
 5.9485364E-01  9.3126650E+06
 6.0293710E-01  9.3815050E+06
 6.1102051E-01  9.5378260E+06
 6.1910397E-01  9.6209860E+06
 6.2718743E-01  9.7800920E+06
 6.3527083E-01  9.5835240E+06
 6.4335430E-01  9.9856230E+06
 6.5143776E-01  9.9974530E+06
 6.5952122E-01  1.0099543E+07
 6.6760463E-01  9.7361860E+06
 6.7568809E-01  9.5911640E+06
 6.8377155E-01  9.5118250E+06
 6.9185495E-01  9.2014720E+06
 6.9993842E-01  8.9047980E+06
 7.0802188E-01  8.9082670E+06
 7.1610528E-01  8.7508570E+06
 7.2418875E-01  8.2935395E+06
 7.3227221E-01  7.6884525E+06
 7.4035561E-01  7.3643010E+06
 7.4843907E-01  6.8631310E+06
 7.5652254E-01  6.3706235E+06
 7.6460594E-01  6.0630270E+06
 7.7268940E-01  5.5352105E+06
 7.8077286E-01  5.1337135E+06
 7.8885627E-01  4.7655450E+06
 7.9693973E-01  4.3440510E+06
 8.0502319E-01  3.8575130E+06
 8.1310660E-01  3.4503435E+06
 8.2119006E-01  3.1920300E+06
 8.2927352E-01  2.8819580E+06
 8.3735693E-01  2.7261782E+06
 8.4544039E-01  2.5471562E+06
 8.5352385E-01  2.3109822E+06
 8.6160725E-01  2.0742176E+06
 8.6969072E-01  1.8760766E+06
 8.7777418E-01  1.8567496E+06
 8.8585758E-01  1.8216802E+06
 8.9394104E-01  1.6478761E+06
 9.0202451E-01  1.6769641E+06
 9.1010791E-01  1.4432742E+06
 9.1819137E-01  1.3383161E+06
 9.2627484E-01  1.3867352E+06
 9.3435824E-01  1.3935752E+06
 9.4244170E-01  1.3384495E+06
 9.5052516E-01  1.2176635E+06
 9.5860857E-01  1.1727619E+06
 9.6669203E-01  1.1304411E+06
 9.7477549E-01  1.2070005E+06
 9.8285890E-01  1.1575580E+06
 9.9094236E-01  1.1372200E+06
 9.9902582E-01  1.0115215E+06
 1.0071092E+00  9.8517950E+05
 1.0151926E+00  1.0944416E+06
 1.0232761E+00  1.0143423E+06
 1.0313596E+00  9.2583269E+05
 1.0394430E+00  9.7932488E+05
 1.0475265E+00  9.3932206E+05
 1.0556098E+00  8.5545131E+05
 1.0636933E+00  9.0694331E+05
 1.0717767E+00  9.1207494E+05
 1.0798602E+00  8.5563669E+05
 1.0879437E+00  9.0340419E+05
 1.0960271E+00  8.9353169E+05
 1.1041105E+00  9.1513562E+05
 1.1121939E+00  8.6068712E+05
 1.1202774E+00  8.8345056E+05
 1.1283609E+00  9.3933388E+05
 1.1364443E+00  9.7116112E+05
 1.1445278E+00  9.0783788E+05
 1.1526113E+00  8.0532756E+05
 1.1606947E+00  8.7930931E+05
 1.1687781E+00  9.1989994E+05
 1.1768615E+00  8.9866981E+05
 1.1849450E+00  8.9810756E+05
 1.1930285E+00  8.7700650E+05
 1.2011119E+00  8.8205894E+05
 1.2091954E+00  9.7164894E+05
 1.2172787E+00  9.2991962E+05
 1.2253622E+00  8.5977475E+05
 1.2334456E+00  9.1353612E+05
 1.2415291E+00  9.5702694E+05
 1.2496126E+00  9.9033344E+05
 1.2576960E+00  1.0345787E+06
 1.2657794E+00  9.8758225E+05
 1.2738628E+00  9.9173038E+05
 1.2819463E+00  9.8356188E+05
 1.2900298E+00  1.0714869E+06
 1.2981132E+00  1.0744930E+06
 1.3061967E+00  1.0792985E+06
 1.3142800E+00  1.0628048E+06
 1.3223635E+00  9.9933969E+05
 1.3304470E+00  1.1569931E+06
 1.3385304E+00  1.0926699E+06
 1.3466139E+00  1.1065358E+06
 1.3546973E+00  1.1332119E+06
 1.3627807E+00  1.1498751E+06
 1.3708642E+00  1.1061152E+06
 1.3789476E+00  1.1064884E+06
 1.3870311E+00  1.2482908E+06
 1.3951145E+00  1.1609520E+06
 1.4031980E+00  1.2463112E+06
 1.4112813E+00  1.2429402E+06
 1.4193648E+00  1.2103831E+06
 1.4274483E+00  1.2321195E+06
 1.4355317E+00  1.2480189E+06
 1.4436152E+00  1.2346444E+06
 1.4516987E+00  1.2517036E+06
 1.4597821E+00  1.2788572E+06
 1.4678655E+00  1.3017164E+06
 1.4759489E+00  1.2911469E+06
 1.4840324E+00  1.2406868E+06
 1.4921159E+00  1.3115125E+06
 1.5001993E+00  1.3725159E+06
 1.5082828E+00  1.3476334E+06
 1.5163661E+00  1.3260189E+06
 1.5244496E+00  1.2222572E+06
 1.5325330E+00  1.2700121E+06
 1.5406165E+00  1.3772211E+06
 1.5487000E+00  1.3303600E+06
 1.5567834E+00  1.4316748E+06
 1.5648668E+00  1.3252744E+06
 1.5729502E+00  1.3955090E+06
 1.5810337E+00  1.3029696E+06
 1.5891172E+00  1.3230165E+06
 1.5972006E+00  1.3145929E+06
 1.6052841E+00  1.3005238E+06
 1.6133674E+00  1.3318211E+06
 1.6214509E+00  1.3654932E+06
 1.6295344E+00  1.3338401E+06
 1.6376178E+00  1.3404926E+06
 1.6457013E+00  1.3180820E+06
 1.6537848E+00  1.3600391E+06
 1.6618681E+00  1.3876941E+06
 1.6699516E+00  1.3565074E+06
 1.6780350E+00  1.3872420E+06
 1.6861185E+00  1.3550016E+06
 1.6942019E+00  1.2774700E+06
 1.7022854E+00  1.2420685E+06
 1.7103688E+00  1.2605082E+06
 1.7184522E+00  1.2367441E+06
 1.7265357E+00  1.2816958E+06
 1.7346191E+00  1.2581154E+06
 1.7427026E+00  1.2197702E+06
 1.7507861E+00  1.2501688E+06
 1.7588694E+00  1.2662691E+06
 1.7669529E+00  1.3462526E+06
 1.7750363E+00  1.2498168E+06
 1.7831198E+00  1.2743036E+06
 1.7912033E+00  1.2569712E+06
 1.7992867E+00  1.3006665E+06
 1.8073701E+00  1.3194161E+06
 1.8154535E+00  1.2831799E+06
 1.8235370E+00  1.2504899E+06
 1.8316205E+00  1.2632009E+06
 1.8397039E+00  1.2269404E+06
 1.8477874E+00  1.1912519E+06
 1.8558707E+00  1.2579454E+06
 1.8639542E+00  1.2397810E+06
 1.8720376E+00  1.2404654E+06
 1.8801211E+00  1.2216181E+06
 1.8882046E+00  1.2392942E+06
 1.8962880E+00  1.2726446E+06
 1.9043714E+00  1.2475816E+06
 1.9124548E+00  1.2376125E+06
 1.9205383E+00  1.2410310E+06
 1.9286218E+00  1.2784299E+06
 1.9367052E+00  1.2237974E+06
 1.9447887E+00  1.1843009E+06
 1.9528722E+00  1.1849371E+06
 1.9609555E+00  1.1648652E+06
 1.9690390E+00  1.1891059E+06
 1.9771224E+00  1.1685561E+06
 1.9852059E+00  1.1179690E+06
 1.9932894E+00  1.1806749E+06
 2.0013728E+00  1.1277719E+06
 2.0094562E+00  1.1091579E+06
 2.0175395E+00  1.0647608E+06
 2.0256231E+00  1.0715112E+06
 2.0337064E+00  1.1097819E+06
 2.0417900E+00  1.1434066E+06
 2.0498734E+00  1.1315584E+06
 2.0579567E+00  1.0888942E+06
 2.0660403E+00  1.0537848E+06
 2.0741236E+00  1.0325111E+06
 2.0822072E+00  1.0197304E+06
 2.0902905E+00  1.0655515E+06
 2.0983741E+00  1.0662871E+06
 2.1064575E+00  1.0770840E+06
 2.1145408E+00  1.0856894E+06
 2.1226244E+00  1.1070220E+06
 2.1307077E+00  1.1009909E+06
 2.1387913E+00  1.0842444E+06
 2.1468747E+00  1.0484590E+06
 2.1549582E+00  9.8342194E+05
 2.1630416E+00  9.6191619E+05
 2.1711252E+00  1.0476866E+06
 2.1792085E+00  1.0438548E+06
 2.1872919E+00  1.0070177E+06
 2.1953754E+00  9.4824369E+05
 2.2034588E+00  1.0066739E+06
 2.2115424E+00  1.0312042E+06
 2.2196257E+00  9.3792156E+05
 2.2277091E+00  9.2478375E+05
 2.2357926E+00  9.4204050E+05
 2.2438760E+00  9.4248169E+05
 2.2519596E+00  9.3711225E+05
 2.2600429E+00  9.1117056E+05
 2.2681265E+00  9.1173269E+05
 2.2762098E+00  9.4490750E+05
 2.2842932E+00  9.3845688E+05
 2.2923768E+00  9.2734756E+05
 2.3004601E+00  9.2657262E+05
 2.3085437E+00  8.5360162E+05
 2.3166270E+00  8.8737656E+05
 2.3247104E+00  8.2585388E+05
 2.3327940E+00  8.5696312E+05
 2.3408773E+00  8.6438450E+05
 2.3489609E+00  9.6958362E+05
 2.3570442E+00  9.7421281E+05
 2.3651278E+00  8.6844388E+05
 2.3732111E+00  8.5632475E+05
 2.3812945E+00  8.6915762E+05
 2.3893781E+00  8.7141588E+05
 2.3974614E+00  8.0945719E+05
 2.4055450E+00  8.6329162E+05
 2.4136283E+00  8.6851019E+05
 2.4217117E+00  9.0334481E+05
 2.4297953E+00  8.5691600E+05
 2.4378786E+00  8.8263631E+05
 2.4459622E+00  9.0580394E+05
 2.4540455E+00  8.4871362E+05
 2.4621291E+00  8.1979694E+05
 2.4702125E+00  8.7105944E+05
 2.4782958E+00  8.0652650E+05
 2.4863794E+00  8.1951231E+05
 2.4944627E+00  8.1588719E+05
 2.5025463E+00  8.6785744E+05
 2.5106297E+00  7.8220062E+05
 2.5187132E+00  8.0624700E+05
 2.5267966E+00  8.1212694E+05
 2.5348799E+00  8.2185662E+05
 2.5429635E+00  8.1504156E+05
 2.5510468E+00  7.9407806E+05
 2.5591304E+00  8.4178106E+05
 2.5672138E+00  8.7387400E+05
 2.5752971E+00  8.8627150E+05
 2.5833807E+00  7.8861219E+05
 2.5914640E+00  8.3200900E+05
 2.5995476E+00  8.4660950E+05
 2.6076310E+00  8.3750569E+05
 2.6157146E+00  8.3111475E+05
 2.6237979E+00  8.0888662E+05
 2.6318812E+00  7.8987775E+05
 2.6399648E+00  8.7324331E+05
 2.6480482E+00  8.1063312E+05
 2.6561317E+00  8.4014631E+05
 2.6642151E+00  8.2730356E+05
 2.6722984E+00  8.4263650E+05
 2.6803820E+00  7.9423050E+05
 2.6884654E+00  8.3959000E+05
 2.6965489E+00  8.3434094E+05
 2.7046323E+00  8.0970800E+05
 2.7127159E+00  8.3912850E+05
 2.7207992E+00  7.7254912E+05
 2.7288826E+00  8.0470119E+05
 2.7369661E+00  8.7394475E+05
 2.7450495E+00  8.8077869E+05
 2.7531331E+00  8.9193181E+05
 2.7612164E+00  8.7973000E+05
 2.7692997E+00  7.9888325E+05
 2.7773833E+00  8.0369938E+05
 2.7854667E+00  8.1421462E+05
 2.7935503E+00  8.3933731E+05
 2.8016336E+00  7.5745200E+05
 2.8097172E+00  7.8901531E+05
 2.8178005E+00  8.6091644E+05
 2.8258839E+00  7.9309356E+05
 2.8339674E+00  7.8888088E+05
 2.8420508E+00  7.3989638E+05
 2.8501344E+00  7.7271525E+05
 2.8582177E+00  8.0761681E+05
 2.8663011E+00  8.7291731E+05
 2.8743846E+00  8.5017975E+05
 2.8824680E+00  8.3636400E+05
 2.8905516E+00  8.2549719E+05
 2.8986349E+00  7.7120356E+05
 2.9067185E+00  8.0940350E+05
 2.9148018E+00  8.3578806E+05
 2.9228852E+00  8.5456125E+05
 2.9309688E+00  8.4463475E+05
 2.9390521E+00  8.2355438E+05
 2.9471357E+00  8.0675725E+05
 2.9552190E+00  8.3659500E+05
 2.9633024E+00  8.1852188E+05
 2.9713860E+00  8.0000612E+05
 2.9794693E+00  8.3214344E+05
 2.9875529E+00  8.3138781E+05
 2.9956362E+00  8.1290269E+05
 3.0037198E+00  8.2190388E+05
 3.0118032E+00  8.3432288E+05
 3.0198865E+00  8.1990162E+05
 3.0279701E+00  7.9848912E+05
 3.0360534E+00  7.6784162E+05
 3.0441370E+00  8.2595369E+05
 3.0522203E+00  7.6354988E+05
 3.0603039E+00  7.6441025E+05
 3.0683873E+00  8.7788756E+05
 3.0764706E+00  8.3585162E+05
 3.0845542E+00  8.4149531E+05
 3.0926375E+00  8.1061581E+05
 3.1007211E+00  8.0234625E+05
 3.1088045E+00  8.7170075E+05
 3.1168878E+00  8.2688544E+05
 3.1249714E+00  8.4321588E+05
 3.1330547E+00  8.1904969E+05
 3.1411383E+00  7.5253206E+05
 3.1492217E+00  8.2530681E+05
 3.1573052E+00  8.4997675E+05
 3.1653886E+00  7.9666019E+05
 3.1734719E+00  8.2129062E+05
 3.1815555E+00  8.1860394E+05
 3.1896389E+00  8.2680206E+05
 3.1977224E+00  7.9387862E+05
 3.2058058E+00  7.7836662E+05
 3.2138891E+00  8.3254856E+05
 3.2219727E+00  7.8748912E+05
 3.2300560E+00  7.3691106E+05
 3.2381396E+00  8.2161131E+05
 3.2462230E+00  7.8295475E+05
 3.2543066E+00  7.9488575E+05
 3.2623899E+00  7.7696681E+05
 3.2704732E+00  7.6519206E+05
 3.2785568E+00  7.6240869E+05
 3.2866402E+00  7.9892894E+05
 3.2947237E+00  7.5945231E+05
 3.3028071E+00  8.3261456E+05
 3.3108904E+00  8.2687069E+05
 3.3189740E+00  8.1547000E+05
 3.3270574E+00  7.7968281E+05
 3.3351409E+00  7.7980875E+05
 3.3432243E+00  8.3506238E+05
 3.3513079E+00  8.3574069E+05
 3.3593912E+00  8.8785912E+05
 3.3674746E+00  8.2323475E+05
 3.3755581E+00  8.6057206E+05
 3.3836415E+00  8.1540356E+05
 3.3917251E+00  7.6347150E+05
 3.3998084E+00  7.7596150E+05
 3.4078918E+00  7.7010244E+05
 3.4159753E+00  7.9409619E+05
 3.4240587E+00  7.3892619E+05
 3.4321423E+00  7.3039250E+05
 3.4402256E+00  8.1418938E+05
 3.4483092E+00  8.4881519E+05
 3.4563925E+00  8.5128994E+05
 3.4644759E+00  7.8935269E+05
 3.4725595E+00  7.9914638E+05
 3.4806428E+00  7.6265075E+05
 3.4887264E+00  9.0220675E+05
 3.4968097E+00  8.1736388E+05
 3.5048933E+00  8.1252269E+05
 3.5129766E+00  8.4340638E+05
 3.5210600E+00  7.9745056E+05
 3.5291436E+00  7.8957025E+05
 3.5372269E+00  7.6780950E+05
 3.5453105E+00  7.3840112E+05
 3.5533938E+00  8.0930331E+05
 3.5614772E+00  8.5346356E+05
 3.5695608E+00  8.0204856E+05
 3.5776441E+00  7.5138956E+05
 3.5857277E+00  7.1267194E+05
 3.5938110E+00  7.4758775E+05
 3.6018946E+00  8.3001375E+05
 3.6099780E+00  8.0576275E+05
 3.6180613E+00  8.4357912E+05
 3.6261449E+00  8.1853962E+05
 3.6342282E+00  7.9480225E+05
 3.6423118E+00  7.6258762E+05
 3.6503952E+00  7.3505838E+05
 3.6584785E+00  7.9522944E+05
 3.6665621E+00  8.6914506E+05
 3.6746454E+00  8.8996006E+05
 3.6827290E+00  7.9814850E+05
 3.6908123E+00  8.1155356E+05
 3.6988959E+00  8.2407200E+05
 3.7069793E+00  8.7094938E+05
 3.7150626E+00  8.6869062E+05
 3.7231462E+00  8.6137662E+05
 3.7312295E+00  8.3911394E+05
 3.7393131E+00  7.9922375E+05
 3.7473965E+00  8.0138300E+05
 3.7554798E+00  7.6099119E+05
 3.7635634E+00  8.0793962E+05
 3.7716467E+00  8.1001094E+05
 3.7797303E+00  7.4729131E+05
 3.7878137E+00  8.1504756E+05
 3.7958972E+00  8.4295825E+05
 3.8039806E+00  7.9473100E+05
 3.8120639E+00  8.5057444E+05
 3.8201475E+00  8.1990869E+05
 3.8282309E+00  8.0548125E+05
 3.8363144E+00  7.7507738E+05
 3.8443978E+00  7.8479594E+05
 3.8524811E+00  7.6730162E+05
 3.8605647E+00  7.5591806E+05
 3.8686481E+00  7.7462212E+05
 3.8767316E+00  8.5389000E+05
 3.8848150E+00  8.4306775E+05
 3.8928986E+00  8.6636038E+05
 3.9009819E+00  8.6783956E+05
 3.9090652E+00  7.9980750E+05
 3.9171488E+00  8.2082525E+05
 3.9252322E+00  8.5400288E+05
 3.9333158E+00  7.7917969E+05
 3.9413991E+00  7.7535562E+05
 3.9494824E+00  7.7687181E+05
 3.9575660E+00  8.2294794E+05
 3.9656494E+00  8.3410650E+05
 3.9737329E+00  8.1125581E+05
 3.9818163E+00  7.6568181E+05
 3.9898999E+00  8.0851788E+05
 3.9979832E+00  8.4718138E+05
 4.0060663E+00  8.8285088E+05
 4.0141501E+00  8.8119312E+05
 4.0222335E+00  8.4563469E+05
 4.0303168E+00  8.1757188E+05
 4.0384002E+00  7.4305931E+05
 4.0464840E+00  7.7431294E+05
 4.0545673E+00  7.2882369E+05
 4.0626507E+00  7.8231294E+05
 4.0707340E+00  7.6636000E+05
 4.0788174E+00  8.5234019E+05
 4.0869012E+00  8.4892519E+05
 4.0949845E+00  8.2268081E+05
 4.1030679E+00  8.1113744E+05
 4.1111512E+00  8.3666519E+05
 4.1192346E+00  8.0401462E+05
 4.1273184E+00  8.1205300E+05
 4.1354017E+00  8.1408838E+05
 4.1434851E+00  8.2158769E+05
 4.1515684E+00  8.7995238E+05
 4.1596518E+00  7.9215106E+05
 4.1677351E+00  8.4409894E+05
 4.1758189E+00  8.0441500E+05
 4.1839023E+00  8.0751719E+05
 4.1919856E+00  7.6644694E+05
 4.2000690E+00  7.5096019E+05
 4.2081523E+00  7.5572000E+05
 4.2162361E+00  8.3133025E+05
 4.2243195E+00  8.1190081E+05
 4.2324028E+00  7.6878319E+05
 4.2404861E+00  8.5624888E+05
 4.2485695E+00  8.2479581E+05
 4.2566533E+00  8.2558856E+05
 4.2647367E+00  8.3134156E+05
 4.2728200E+00  7.7394625E+05
 4.2809033E+00  8.1590706E+05
 4.2889872E+00  8.2763212E+05
 4.2970705E+00  7.9808388E+05
 4.3051538E+00  8.0591862E+05
 4.3132372E+00  8.5356575E+05
 4.3213205E+00  7.6417081E+05
 4.3294044E+00  8.6277912E+05
 4.3374877E+00  8.4337906E+05
 4.3455710E+00  8.0393031E+05
 4.3536544E+00  8.0111300E+05
 4.3617377E+00  8.1624788E+05
 4.3698215E+00  7.5885750E+05
 4.3779049E+00  8.1478675E+05
 4.3859882E+00  8.5153656E+05
 4.3940716E+00  7.9747794E+05
 4.4021549E+00  8.0713631E+05
 4.4102387E+00  8.5824756E+05
 4.4183221E+00  9.2477781E+05
 4.4264054E+00  8.3557494E+05
 4.4344888E+00  7.9464319E+05
 4.4425721E+00  8.5927275E+05
 4.4506559E+00  8.1573331E+05
 4.4587393E+00  7.7632694E+05
 4.4668226E+00  8.0466394E+05
 4.4749060E+00  8.1871275E+05
 4.4829898E+00  8.2848419E+05
 4.4910731E+00  8.2443094E+05
 4.4991565E+00  8.4532900E+05
 4.5072398E+00  8.0574281E+05
 4.5153232E+00  7.8177756E+05
 4.5234070E+00  8.3813025E+05
 4.5314903E+00  8.1179512E+05
 4.5395737E+00  8.7787988E+05
 4.5476570E+00  8.4168750E+05
 4.5557404E+00  9.3339369E+05
 4.5638242E+00  8.9848544E+05
 4.5719075E+00  8.6931969E+05
 4.5799909E+00  8.5896344E+05
 4.5880742E+00  8.7479069E+05
 4.5961576E+00  8.7417731E+05
 4.6042414E+00  8.3556325E+05
 4.6123247E+00  7.8553794E+05
 4.6204081E+00  8.1004488E+05
 4.6284914E+00  8.8023175E+05
 4.6365752E+00  8.6688525E+05
 4.6446586E+00  7.9075000E+05
 4.6527419E+00  8.5953975E+05
 4.6608253E+00  8.4185981E+05
 4.6689086E+00  8.8333219E+05
 4.6769924E+00  8.0022562E+05
 4.6850758E+00  7.9517912E+05
 4.6931591E+00  8.1879938E+05
 4.7012424E+00  8.5218962E+05
 4.7093258E+00  8.5593312E+05
 4.7174096E+00  8.7905456E+05
 4.7254930E+00  9.1471981E+05
 4.7335763E+00  8.9846144E+05
 4.7416596E+00  8.4090662E+05
 4.7497430E+00  9.3763400E+05
 4.7578268E+00  8.5297638E+05
 4.7659101E+00  8.7206544E+05
 4.7739935E+00  8.3105631E+05
 4.7820768E+00  7.8485256E+05
 4.7901602E+00  7.4140056E+05
 4.7982440E+00  8.8112275E+05
 4.8063273E+00  8.8330112E+05
 4.8144107E+00  8.0091131E+05
 4.8224940E+00  7.4352525E+05
 4.8305779E+00  7.1096894E+05
 4.8386612E+00  7.7072038E+05
 4.8467445E+00  8.3654600E+05
 4.8548279E+00  8.4712806E+05
 4.8629112E+00  7.4247706E+05
 4.8709950E+00  8.6190244E+05
 4.8790784E+00  9.1279025E+05
 4.8871617E+00  8.5382762E+05
 4.8952451E+00  7.4484825E+05
 4.9033284E+00  7.8725756E+05
 4.9114122E+00  8.6506631E+05
 4.9194956E+00  8.8037919E+05
 4.9275789E+00  8.0898644E+05
 4.9356623E+00  7.9643506E+05
 4.9437456E+00  9.0363744E+05
 4.9518294E+00  8.8487931E+05
 4.9599128E+00  7.6607288E+05
 4.9679961E+00  1.0148033E+06
 4.9760795E+00  8.1298069E+05
 4.9841628E+00  9.0674912E+05
 4.9922466E+00  8.8338612E+05
 5.0003300E+00  7.7768712E+05
 5.0084133E+00  9.2138250E+05
 5.0164967E+00  9.3281538E+05
 5.0245805E+00  8.2961469E+05
 5.0326638E+00  6.9917481E+05
 5.0407472E+00  7.1847675E+05
 5.0488305E+00  8.8263050E+05
